+0.072
+0.086
+0.111
+0.111
0
0
0
0.000838
0.003073
0.003911
0.004
0.004
0.004
-0.005
-0.005
0.006
0.006
0.009
0.011
0.02
0.04
0.053
0.06
0.064
0.072
0.072
0.072
0.072
0.074
0.079
0.079
0.08
0.08
0.086
0.094
0.094
0.10
0.102
0.102
0.102
0.111
0.111
0.12
0.120
0.120
0.120
0.13
0.18
0.188
0.188
0.188
0.188
0.191
0.20
0.22
0.234
0.235
0.24
0.25
0.26
0.260
0.260
0.260
0.260
0.270
0.279
0.279
0.290
0.297
0.3.10
0.30
0.331
0.331
0.331
0.337430
0.338268
0.34
0.341
0.341341
0.35
0.352
0.359
0.359497
0.36
0.360615
0.362570
0.364
0.366
0.366
0.374
0.40
0.413
0.415
0.418
0.418436
0.418715
0.419
0.419
0.419274
0.423
0.442
0.442
0.442
0.45
0.68
0.6B
01
02
03
03
04
0TAC
1
1
1
1
1
1,247
1,247
1,247
1,247
10
10
10
10
10,000
10,000
10.9%
100
100
100
100
100
100
100
100
100
100
100
100
100
100
100
100
100
100
100
100
100
100
100
100
100
100
100
100
100
100
100
1000
100720
101
101
11
11
12
12
125
125
125
125
125
125
12c
13
13
15.3%
150
150
158
158
18.1%
18.3%
188,944
1901.04085
1959938017f
1997
2
2
2
2
2
2.0
20
200
200
200
200
200
200
200
200
200
200
200
200
200
200
2002
2009
2009
2013
2019
2024
2024
2024
2025
2025
2026
2026
2026
22
22
2318
2335
2412.04506
249,400
25
250
250
250
250
2506.05176
2510.22264
2605.24297
2607.18603
29
2a
2d
3
3
3
3
3
3
3
3
3
3
3
3
3
332
332
332
333
36th
384
384
389
3ad
4
4
4
4
4
4
4
4,065
4,065
4,065
415c
422
44
446
45,336
45,336
455
49,869
5
5
5
5
5
5
5
5
5
5,193
5,193
5,193
5,193
52
5S
6
6
6.4%
60
619
619
64
64token
666782eb
67
6B
7
7
71.0%
72
741480856aa
7543c
758
759
78%
78%
78.3%
796
796
796
8
8
872
872
872
872
872
872
872
872
872
872
-872
8e
9
9
90
905
905
905
95
95
95%
95%
95%
95%
95%
95%
95c
997
